Epoch: 9999 , Train Loss: 0.016835239250212908
Epoch: 9999 , Test Loss: 0.03152844513939799
Epoch: 9999 , Accurate Rate: 0.42
