Epoch: 4999 , Train Loss: 0.020631219316273926
Epoch: 4999 , Test Loss: 0.029935404622443543
Epoch: 4999 , Accurate Rate: 0.35
