Epoch: 4999 , Train Loss: 0.020255061369389295
Epoch: 4999 , Test Loss: 0.028493710679905977
Epoch: 4999 , Accurate Rate: 0.41
